
PROC CONTENTS
-------------------------------------------------------------------------------

Data Set Name: donate
Observations:  6
Variables:     5

Variables (in alphabetical order):

  #  Variable  Type    Len  Format  Label
---  --------  ----  -----  ------  -----
  1  ID        Char    200          
  2  Qtr1       Num      8          
  3  Qtr2       Num      8          
  4  Qtr3       Num      8          
  5  Qtr4       Num      8          

-------------------------------------------------------------------------------


  Obs    ID   Qtr1   Qtr2   Qtr3   Qtr4
-----  ----  -----  -----  -----  -----
    1  D001     15   22.5  11.25   17.5
    2  D002     25   6.25  13.75     20
    3  D003     10   27.5  16.25   8.75
    4  D004  18.75   12.5   22.5     15
    5  D005    7.5  11.25      5  13.75
    6  D006  31.25   17.5  23.75     10

  Obs    ID   Qtr1   Qtr2   Qtr3   Qtr4
-----  ----  -----  -----  -----  -----
    1  D001     15   22.5  11.25   17.5
    2  D002     25   6.25  13.75     20
    3  D003     10   27.5  16.25   8.75
    4  D004  18.75   12.5   22.5     15
    5  D005    7.5  11.25      5  13.75
    6  D006  31.25   17.5  23.75     10

  Obs    ID      Percent1             Percent2      Percent3             Percent4
-----  ----  ------------  -------------------  ------------  -------------------
    1  D001  22.64150943%  33.962264149999996%  16.98113208%         26.41509434%
    2  D002  38.46153846%          9.61538462%  21.15384615%         30.76923077%
    3  D003           16%                  44%           26%  14.000000000000002%
    4  D004  27.27272727%         18.18181818%  32.72727273%         21.81818182%
    5  D005           20%                  30%  13.33333333%         36.66666667%
    6  D006  37.87878788%         21.21212121%  28.78787879%         12.12121212%

  Obs    ID  Qtr1  Qtr2  Qtr3  Qtr4  Diff1  Diff2  Diff3
-----  ----  ----  ----  ----  ----  -----  -----  -----
    1  D001    12    18     9    14      6     -9      5
    2  D002    20     5    11    16    -15      6      5
    3  D003     8    22    13     7     14     -9     -6
    4  D004    15    10    18    12     -5      8     -6
    5  D005     6     9     4    11      3     -5      7
    6  D006    25    14    19     8    -11      5    -11

  Obs    ID  Qtr1  Qtr2  Qtr3  Qtr4  Diff1  Diff2  Diff3  Diff4
-----  ----  ----  ----  ----  ----  -----  -----  -----  -----
    1  D001    12    18     9    14      2      3      4      4
    2  D002    20     5    11    16     10    -10      6      6
    3  D003     8    22    13     7     -2      7      8     -3
    4  D004    15    10    18    12      5     -5     13      2
    5  D005     6     9     4    11     -4     -6     -1      1
    6  D006    25    14    19     8     15     -1     14     -2

  Obs    ID  Qtr1  Qtr2  Qtr3  Qtr4  Diff1  Diff2  Diff3  Diff4
-----  ----  ----  ----  ----  ----  -----  -----  -----  -----
    1  D001    12    18     9    14      2      3      4      4
    2  D002    20     5    11    16     10    -10      6      6
    3  D003     8    22    13     7     -2      7      8     -3
    4  D004    15    10    18    12      5     -5     13      2
    5  D005     6     9     4    11     -4     -6     -1      1
    6  D006    25    14    19     8     15     -1     14     -2

  Obs    ID  Qtr  Amount
-----  ----  ---  ------
    1  D001    1      12
    2  D001    2      18
    3  D001    3       9
    4  D001    4      14
    5  D002    1      20
    6  D002    2       5
    7  D002    3      11
    8  D002    4      16
    9  D003    1       8
   10  D003    2      22
   11  D003    3      13
   12  D003    4       7
   13  D004    1      15
   14  D004    2      10
   15  D004    3      18
   16  D004    4      12
   17  D005    1       6
   18  D005    2       9
   19  D005    3       4
   20  D005    4      11
   21  D006    1      25
   22  D006    2      14
   23  D006    3      19
   24  D006    4       8

